Matriz 1
9 6 7 3 2 5 2 3 6 8 
0 7 7 6 8 5 6 6 8 9 
4 2 8 7 3 1 9 9 8 7 
2 7 8 3 4 8 8 6 0 5 
0 8 6 1 4 5 4 8 9 0 
5 3 2 2 6 8 5 8 6 9 
9 1 9 9 1 3 1 2 1 8 
1 3 6 1 5 5 6 3 9 6 
3 9 1 7 8 1 5 0 9 5 
3 1 0 0 8 1 2 5 7 8 

Matriz 2
1 6 4 4 3 9 4 0 5 4 
4 4 6 8 5 8 2 3 9 1 
4 7 8 4 5 3 0 9 7 7 
4 8 5 7 2 9 2 8 3 3 
6 2 7 6 0 8 2 3 1 4 
0 3 1 3 7 6 7 3 9 3 
5 6 0 9 9 7 8 3 4 7 
7 6 4 2 1 5 7 7 2 0 
1 4 2 2 8 2 5 3 2 4 
1 1 4 9 9 1 3 4 5 5 

Resultado 2
130 232 218 268 274 272 184 203 270 201 
217 269 265 352 322 322 234 291 280 240 
213 300 229 312 300 300 243 288 232 240 
185 241 209 294 266 296 213 239 283 201 
169 213 184 204 223 239 194 208 216 148 
165 219 194 280 282 285 251 210 243 195 
119 234 211 245 207 250 130 220 222 191 
137 189 169 236 268 211 189 191 205 195 
158 207 204 296 242 293 167 181 204 180 
115 119 141 185 172 166 147 124 113 130 

